

# outer_batch_size = 2, 
        batch = [(support TensorDataset, query TensorDataset),
                 (support TensorDataset, query TensorDataset),
                 (support TensorDataset, query TensorDataset),
                 (support TensorDataset, query TensorDataset)]
[
    (
    InputFeatures(example_id='590',
        input_ids=[
        [101, 2619, 3402, 3849, 2000, 4125, 1999, 21120, 2077, 2619, 1005, 102, 2619, 2003, 3402, 4452, 1997, 2014, 1012, 102],
        [101, 2619, 3402, 3849, 2000, 4125, 1999, 21120, 2077, 2619, 102, 2619, 8451, 2012, 2619, 2004, 2002, 4627, 2105, 102],
        [101, 2619, 3402, 3849, 2000, 4125, 1999, 21120, 2077, 2619, 102, 2619, 2003, 2471, 6573, 2125, 1999, 11996, 1998, 102],
        [101, 2619, 3402, 3849, 2000, 4125, 1999, 21120, 2077, 2619, 102, 2619, 3504, 2830, 1010, 2898, 1011, 7168, 1012, 102]],
        attention_mask=[
            [1, 1, 1, 1, 1, 1, 1, 1, 1, 1, 1, 1, 1, 1, 1, 1, 1, 1, 1, 1],
        [1, 1, 1, 1, 1, 1, 1, 1, 1, 1, 1, 1, 1, 1, 1, 1, 1, 1, 1, 1],
        [1, 1, 1, 1, 1, 1, 1, 1, 1, 1, 1, 1, 1, 1, 1, 1, 1, 1, 1, 1],
        [1, 1, 1, 1, 1, 1, 1, 1, 1, 1, 1, 1, 1, 1, 1, 1, 1, 1, 1, 1]],
        token_type_ids=[[0, 0, 0, 0, 0, 0, 0, 0, 0, 0, 0, 0, 1, 1, 1, 1, 1, 1, 1, 1],
        [0, 0, 0, 0, 0, 0, 0, 0, 0, 0, 0, 1, 1, 1, 1, 1, 1, 1, 1, 1],
        [0, 0, 0, 0, 0, 0, 0, 0, 0, 0, 0, 1, 1, 1, 1, 1, 1, 1, 1, 1],
        [0, 0, 0, 0, 0, 0, 0, 0, 0, 0, 0, 1, 1, 1, 1, 1, 1, 1, 1, 1]],
        label=0),
    InputFeatures(example_id='5839',
        input_ids=[[101, 2619, 8509, 2014, 2227, 2091, 2000, 1996, 10005, 1998, 102, 2619, 4324, 2091, 1037, 7123, 1997, 3259, 2004, 102],
        [101, 2619, 8509, 2014, 2227, 2091, 2000, 1996, 10005, 1998, 24675, 1012, 102, 2619, 7719, 2012, 2178, 4624, 1012, 102],
        [101, 2619, 8509, 2014, 2227, 2091, 2000, 1996, 10005, 1998, 102, 2619, 11214, 2039, 2619, 1005, 1055, 4565, 2039, 102],
        [101, 2619, 8509, 2014, 2227, 2091, 2000, 1996, 10005, 1998, 102, 2619, 20057, 2006, 1037, 8401, 6436, 20581, 2012, 102]],
        attention_mask=[[1, 1, 1, 1, 1, 1, 1, 1, 1, 1, 1, 1, 1, 1, 1, 1, 1, 1, 1, 1], [1, 1, 1, 1, 1, 1, 1, 1, 1, 1, 1, 1, 1, 1, 1, 1, 1, 1, 1, 1],
        [1, 1, 1, 1, 1, 1, 1, 1, 1, 1, 1, 1, 1, 1, 1, 1, 1, 1, 1, 1], [1, 1, 1, 1, 1, 1, 1, 1, 1, 1, 1, 1, 1, 1, 1, 1, 1, 1, 1, 1]],
        token_type_ids=[[0, 0, 0, 0, 0, 0, 0, 0, 0, 0, 0, 1, 1, 1, 1, 1, 1, 1, 1, 1], [0, 0, 0, 0, 0, 0, 0, 0, 0, 0, 0, 0, 0, 1, 1, 1, 1, 1, 1, 1],
        [0, 0, 0, 0, 0, 0, 0, 0, 0, 0, 0, 1, 1, 1, 1, 1, 1, 1, 1, 1], [0, 0, 0, 0, 0, 0, 0, 0, 0, 0, 0, 1, 1, 1, 1, 1, 1, 1, 1, 1]], label=3)
    ),

    (
    InputFeatures(example_id='8628', input_ids=[[101, 2057, 2156, 1996, 2516, 3898, 2006, 2317, 1037, 3203, 102, 1996, 3203, 8509, 7975, 1999, 1037, 13610, 1012, 102], [101, 2057, 2156, 1996, 2516, 3898, 2006, 2317, 1037, 3203, 102, 1996, 3203, 11025, 2015, 1037, 4344, 24148, 1012, 102], [101, 2057, 2156, 1996, 2516, 3898, 2006, 2317, 1037, 3203, 102, 1996, 3203, 8451, 1998, 2852, 3111, 2014, 2398, 102], [101, 2057, 2156, 1996, 2516, 3898, 2006, 2317, 1037, 3203, 102, 1996, 3203, 8509, 1017, 2235, 6077, 2849, 2648, 102]], attention_mask=[[1, 1, 1, 1, 1, 1, 1, 1, 1, 1, 1, 1, 1, 1, 1, 1, 1, 1, 1, 1], [1, 1, 1, 1, 1, 1, 1, 1, 1, 1, 1, 1, 1, 1, 1, 1, 1, 1, 1, 1], [1, 1, 1, 1, 1, 1, 1, 1, 1, 1, 1, 1, 1, 1, 1, 1, 1, 1, 1, 1], [1, 1, 1, 1, 1, 1, 1, 1, 1, 1, 1, 1, 1, 1, 1, 1, 1, 1, 1, 1]], token_type_ids=[[0, 0, 0, 0, 0, 0, 0, 0, 0, 0, 0, 1, 1, 1, 1, 1, 1, 1, 1, 1], [0, 0, 0, 0, 0, 0, 0, 0, 0, 0, 0, 1, 1, 1, 1, 1, 1, 1, 1, 1], [0, 0, 0, 0, 0, 0, 0, 0, 0, 0, 0, 1, 1, 1, 1, 1, 1, 1, 1, 1], [0, 0, 0, 0, 0, 0, 0, 0, 0, 0, 0, 1, 1, 1, 1, 1, 1, 1, 1, 1]], label=1),
    InputFeatures(example_id='2378', input_ids=[[101, 2002, 3182, 1037, 19747, 3482, 2058, 12252, 3259, 1012, 102, 2002, 4895, 24333, 6132, 1996, 21445, 1998, 8509, 102], [101, 2002, 3182, 1037, 19747, 3482, 2058, 12252, 3259, 1012, 102, 2002, 17991, 2010, 6999, 2192, 2006, 1996, 15747, 102], [101, 2002, 3182, 1037, 19747, 3482, 2058, 12252, 3259, 1012, 102, 2002, 4269, 2000, 10236, 1996, 3482, 1010, 14313, 102], [101, 2002, 3182, 1037, 19747, 3482, 2058, 12252, 3259, 1012, 102, 2002, 11214, 2039, 1996, 6970, 9006, 1998, 6497, 102]], attention_mask=[[1, 1, 1, 1, 1, 1, 1, 1, 1, 1, 1, 1, 1, 1, 1, 1, 1, 1, 1, 1], [1, 1, 1, 1, 1, 1, 1, 1, 1, 1, 1, 1, 1, 1, 1, 1, 1, 1, 1, 1], [1, 1, 1, 1, 1, 1, 1, 1, 1, 1, 1, 1, 1, 1, 1, 1, 1, 1, 1, 1], [1, 1, 1, 1, 1, 1, 1, 1, 1, 1, 1, 1, 1, 1, 1, 1, 1, 1, 1, 1]], token_type_ids=[[0, 0, 0, 0, 0, 0, 0, 0, 0, 0, 0, 1, 1, 1, 1, 1, 1, 1, 1, 1], [0, 0, 0, 0, 0, 0, 0, 0, 0, 0, 0, 1, 1, 1, 1, 1, 1, 1, 1, 1], [0, 0, 0, 0, 0, 0, 0, 0, 0, 0, 0, 1, 1, 1, 1, 1, 1, 1, 1, 1], [0, 0, 0, 0, 0, 0, 0, 0, 0, 0, 0, 1, 1, 1, 1, 1, 1, 1, 1, 1]], label=2)
    )
]

(InputFeatures(example_id='590', input_ids=[[101, 2619, 3402, 3849, 2000, 4125, 1999, 21120, 2077, 2619, 1005, 102, 2619, 2003, 3402, 4452, 1997, 2014, 1012, 102], [101, 2619, 3402, 3849, 2000, 4125, 1999, 21120, 2077, 2619, 102, 2619, 8451, 2012, 2619, 2004, 2002, 4627, 2105, 102], [101, 2619, 3402, 3849, 2000, 4125, 1999, 21120, 2077, 2619, 102, 2619, 2003, 2471, 6573, 2125, 1999, 11996, 1998, 102], [101, 2619, 3402, 3849, 2000, 4125, 1999, 21120, 2077, 2619, 102, 2619, 3504, 2830, 1010, 2898, 1011, 7168, 1012, 102]], attention_mask=[[1, 1, 1, 1, 1, 1, 1, 1, 1, 1, 1, 1, 1, 1, 1, 1, 1, 1, 1, 1], [1, 1, 1, 1, 1, 1, 1, 1, 1, 1, 1, 1, 1, 1, 1, 1, 1, 1, 1, 1], [1, 1, 1, 1, 1, 1, 1, 1, 1, 1, 1, 1, 1, 1, 1, 1, 1, 1, 1, 1], [1, 1, 1, 1, 1, 1, 1, 1, 1, 1, 1, 1, 1, 1, 1, 1, 1, 1, 1, 1]], token_type_ids=[[0, 0, 0, 0, 0, 0, 0, 0, 0, 0, 0, 0, 1, 1, 1, 1, 1, 1, 1, 1], [0, 0, 0, 0, 0, 0, 0, 0, 0, 0, 0, 1, 1, 1, 1, 1, 1, 1, 1, 1], [0, 0, 0, 0, 0, 0, 0, 0, 0, 0, 0, 1, 1, 1, 1, 1, 1, 1, 1, 1], [0, 0, 0, 0, 0, 0, 0, 0, 0, 0, 0, 1, 1, 1, 1, 1, 1, 1, 1, 1]], label=0),
InputFeatures(example_id='5839', input_ids=[[101, 2619, 8509, 2014, 2227, 2091, 2000, 1996, 10005, 1998, 102, 2619, 4324, 2091, 1037, 7123, 1997, 3259, 2004, 102], [101, 2619, 8509, 2014, 2227, 2091, 2000, 1996, 10005, 1998, 24675, 1012, 102, 2619, 7719, 2012, 2178, 4624, 1012, 102], [101, 2619, 8509, 2014, 2227, 2091, 2000, 1996, 10005, 1998, 102, 2619, 11214, 2039, 2619, 1005, 1055, 4565, 2039, 102], [101, 2619, 8509, 2014, 2227, 2091, 2000, 1996, 10005, 1998, 102, 2619, 20057, 2006, 1037, 8401, 6436, 20581, 2012, 102]], attention_mask=[[1, 1, 1, 1, 1, 1, 1, 1, 1, 1, 1, 1, 1, 1, 1, 1, 1, 1, 1, 1], [1, 1, 1, 1, 1, 1, 1, 1, 1, 1, 1, 1, 1, 1, 1, 1, 1, 1, 1, 1], [1, 1, 1, 1, 1, 1, 1, 1, 1, 1, 1, 1, 1, 1, 1, 1, 1, 1, 1, 1], [1, 1, 1, 1, 1, 1, 1, 1, 1, 1, 1, 1, 1, 1, 1, 1, 1, 1, 1, 1]], token_type_ids=[[0, 0, 0, 0, 0, 0, 0, 0, 0, 0, 0, 1, 1, 1, 1, 1, 1, 1, 1, 1], [0, 0, 0, 0, 0, 0, 0, 0, 0, 0, 0, 0, 0, 1, 1, 1, 1, 1, 1, 1], [0, 0, 0, 0, 0, 0, 0, 0, 0, 0, 0, 1, 1, 1, 1, 1, 1, 1, 1, 1], [0, 0, 0, 0, 0, 0, 0, 0, 0, 0, 0, 1, 1, 1, 1, 1, 1, 1, 1, 1]], label=3))



################

[(
    [
    InputFeatures(example_id='11782', input_ids=[[101, 2619, 10055, 2229, 2041, 1037, 19352, 16102, 2063, 2029, 102, 7493, 13544, 2002, 5363, 1998, 18989, 2619, 8005, 102], [101, 2619, 10055, 2229, 2041, 1037, 19352, 16102, 2063, 2029, 102, 7493, 13544, 2002, 11758, 8198, 2083, 1996, 20135, 102], [101, 2619, 10055, 2229, 2041, 1037, 19352, 16102, 2063, 2029, 102, 7493, 13544, 2002, 8704, 2010, 3282, 2012, 1996, 102], [101, 2619, 10055, 2229, 2041, 1037, 19352, 16102, 2063, 2029, 102, 7493, 13544, 2002, 14590, 2619, 1005, 1055, 2132, 102]], attention_mask=[[1, 1, 1, 1, 1, 1, 1, 1, 1, 1, 1, 1, 1, 1, 1, 1, 1, 1, 1, 1], [1, 1, 1, 1, 1, 1, 1, 1, 1, 1, 1, 1, 1, 1, 1, 1, 1, 1, 1, 1], [1, 1, 1, 1, 1, 1, 1, 1, 1, 1, 1, 1, 1, 1, 1, 1, 1, 1, 1, 1], [1, 1, 1, 1, 1, 1, 1, 1, 1, 1, 1, 1, 1, 1, 1, 1, 1, 1, 1, 1]], token_type_ids=[[0, 0, 0, 0, 0, 0, 0, 0, 0, 0, 0, 1, 1, 1, 1, 1, 1, 1, 1, 1], [0, 0, 0, 0, 0, 0, 0, 0, 0, 0, 0, 1, 1, 1, 1, 1, 1, 1, 1, 1], [0, 0, 0, 0, 0, 0, 0, 0, 0, 0, 0, 1, 1, 1, 1, 1, 1, 1, 1, 1], [0, 0, 0, 0, 0, 0, 0, 0, 0, 0, 0, 1, 1, 1, 1, 1, 1, 1, 1, 1]], label=1),
 InputFeatures(example_id='15607', input_ids=[[101, 11478, 27403, 1010, 2002, 3504, 2058, 2010, 3244, 2012, 102, 2016, 20776, 1037, 15642, 3993, 1997, 7975, 1012, 102], [101, 11478, 27403, 1010, 2002, 3504, 2058, 2010, 3244, 2012, 102, 2016, 8039, 1996, 3573, 1010, 11214, 2014, 2039, 102], [101, 11478, 27403, 1010, 2002, 3504, 2058, 2010, 3244, 2012, 102, 2016, 10055, 2229, 1037, 8608, 4005, 1999, 1996, 102], [101, 11478, 27403, 1010, 2002, 3504, 2058, 2010, 3244, 2012, 102, 2016, 3504, 4964, 2135, 2013, 1996, 10168, 1012, 102]], attention_mask=[[1, 1, 1, 1, 1, 1, 1, 1, 1, 1, 1, 1, 1, 1, 1, 1, 1, 1, 1, 1], [1, 1, 1, 1, 1, 1, 1, 1, 1, 1, 1, 1, 1, 1, 1, 1, 1, 1, 1, 1], [1, 1, 1, 1, 1, 1, 1, 1, 1, 1, 1, 1, 1, 1, 1, 1, 1, 1, 1, 1], [1, 1, 1, 1, 1, 1, 1, 1, 1, 1, 1, 1, 1, 1, 1, 1, 1, 1, 1, 1]], token_type_ids=[[0, 0, 0, 0, 0, 0, 0, 0, 0, 0, 0, 1, 1, 1, 1, 1, 1, 1, 1, 1], [0, 0, 0, 0, 0, 0, 0, 0, 0, 0, 0, 1, 1, 1, 1, 1, 1, 1, 1, 1], [0, 0, 0, 0, 0, 0, 0, 0, 0, 0, 0, 1, 1, 1, 1, 1, 1, 1, 1, 1], [0, 0, 0, 0, 0, 0, 0, 0, 0, 0, 0, 1, 1, 1, 1, 1, 1, 1, 1, 1]], label=0), 
 InputFeatures(example_id='19164', input_ids=[[101, 1037, 2460, 3292, 3805, 1010, 2002, 14444, 1037, 2601, 102, 2004, 1996, 3902, 23986, 2627, 1010, 2002, 14020, 102], [101, 1037, 2460, 3292, 3805, 1010, 2002, 14444, 1037, 2601, 102, 2004, 1996, 3902, 23986, 2627, 1010, 2002, 5927, 102], [101, 1037, 2460, 3292, 3805, 1010, 2002, 14444, 1037, 2601, 102, 2004, 1996, 3902, 23986, 2627, 1010, 2002, 26577, 102], [101, 1037, 2460, 3292, 3805, 1010, 2002, 14444, 1037, 2601, 102, 2004, 1996, 3902, 23986, 2627, 1010, 2002, 23514, 102]], attention_mask=[[1, 1, 1, 1, 1, 1, 1, 1, 1, 1, 1, 1, 1, 1, 1, 1, 1, 1, 1, 1], [1, 1, 1, 1, 1, 1, 1, 1, 1, 1, 1, 1, 1, 1, 1, 1, 1, 1, 1, 1], [1, 1, 1, 1, 1, 1, 1, 1, 1, 1, 1, 1, 1, 1, 1, 1, 1, 1, 1, 1], [1, 1, 1, 1, 1, 1, 1, 1, 1, 1, 1, 1, 1, 1, 1, 1, 1, 1, 1, 1]], token_type_ids=[[0, 0, 0, 0, 0, 0, 0, 0, 0, 0, 0, 1, 1, 1, 1, 1, 1, 1, 1, 1], [0, 0, 0, 0, 0, 0, 0, 0, 0, 0, 0, 1, 1, 1, 1, 1, 1, 1, 1, 1], [0, 0, 0, 0, 0, 0, 0, 0, 0, 0, 0, 1, 1, 1, 1, 1, 1, 1, 1, 1], [0, 0, 0, 0, 0, 0, 0, 0, 0, 0, 0, 1, 1, 1, 1, 1, 1, 1, 1, 1]], label=1),
 InputFeatures(example_id='6485', input_ids=[[101, 2619, 25609, 2083, 1996, 8164, 2007, 2010, 4979, 5442, 1010, 6822, 102, 2619, 3504, 2012, 1996, 5119, 1012, 102], [101, 2619, 25609, 2083, 1996, 8164, 2007, 2010, 4979, 5442, 102, 2619, 4030, 2015, 2091, 2007, 1037, 2600, 5743, 102], [101, 2619, 25609, 2083, 1996, 8164, 2007, 2010, 4979, 5442, 102, 2619, 18881, 3031, 1996, 2152, 2217, 1997, 1996, 102], [101, 2619, 25609, 2083, 1996, 8164, 2007, 2010, 4979, 5442, 102, 2619, 10457, 2185, 2013, 1996, 2911, 1010, 21105, 102]], attention_mask=[[1, 1, 1, 1, 1, 1, 1, 1, 1, 1, 1, 1, 1, 1, 1, 1, 1, 1, 1, 1], [1, 1, 1, 1, 1, 1, 1, 1, 1, 1, 1, 1, 1, 1, 1, 1, 1, 1, 1, 1], [1, 1, 1, 1, 1, 1, 1, 1, 1, 1, 1, 1, 1, 1, 1, 1, 1, 1, 1, 1], [1, 1, 1, 1, 1, 1, 1, 1, 1, 1, 1, 1, 1, 1, 1, 1, 1, 1, 1, 1]], token_type_ids=[[0, 0, 0, 0, 0, 0, 0, 0, 0, 0, 0, 0, 0, 1, 1, 1, 1, 1, 1, 1], [0, 0, 0, 0, 0, 0, 0, 0, 0, 0, 0, 1, 1, 1, 1, 1, 1, 1, 1, 1], [0, 0, 0, 0, 0, 0, 0, 0, 0, 0, 0, 1, 1, 1, 1, 1, 1, 1, 1, 1], [0, 0, 0, 0, 0, 0, 0, 0, 0, 0, 0, 1, 1, 1, 1, 1, 1, 1, 1, 1]], label=2),
 InputFeatures(example_id='9603', input_ids=[[101, 2048, 2273, 2024, 1999, 1996, 2300, 1998, 2060, 2273, 102, 1996, 2273, 6336, 2673, 1999, 1037, 3046, 1012, 102], [101, 2048, 2273, 2024, 1999, 1996, 2300, 1998, 2060, 2273, 102, 1996, 2273, 7324, 2091, 2028, 1997, 2006, 1996, 102], [101, 2048, 2273, 2024, 1999, 1996, 2300, 1998, 2060, 2273, 102, 1996, 2273, 2907, 2028, 2178, 1998, 10973, 2039, 102], [101, 2048, 2273, 2024, 1999, 1996, 2300, 1998, 2060, 2273, 102, 1996, 2273, 2202, 1996, 12856, 1998, 14655, 2068, 102]], attention_mask=[[1, 1, 1, 1, 1, 1, 1, 1, 1, 1, 1, 1, 1, 1, 1, 1, 1, 1, 1, 1], [1, 1, 1, 1, 1, 1, 1, 1, 1, 1, 1, 1, 1, 1, 1, 1, 1, 1, 1, 1], [1, 1, 1, 1, 1, 1, 1, 1, 1, 1, 1, 1, 1, 1, 1, 1, 1, 1, 1, 1], [1, 1, 1, 1, 1, 1, 1, 1, 1, 1, 1, 1, 1, 1, 1, 1, 1, 1, 1, 1]], token_type_ids=[[0, 0, 0, 0, 0, 0, 0, 0, 0, 0, 0, 1, 1, 1, 1, 1, 1, 1, 1, 1], [0, 0, 0, 0, 0, 0, 0, 0, 0, 0, 0, 1, 1, 1, 1, 1, 1, 1, 1, 1], [0, 0, 0, 0, 0, 0, 0, 0, 0, 0, 0, 1, 1, 1, 1, 1, 1, 1, 1, 1], [0, 0, 0, 0, 0, 0, 0, 0, 0, 0, 0, 1, 1, 1, 1, 1, 1, 1, 1, 1]], label=3)
 ],
 
 [InputFeatures(example_id='16216', input_ids=[[101, 2002, 11758, 2041, 1037, 4773, 2000, 6706, 2370, 1012, 102, 2002, 7787, 2369, 2010, 2067, 2004, 1996, 18792, 102], [101, 2002, 11758, 2041, 1037, 4773, 2000, 6706, 2370, 1012, 102, 2002, 15132, 2229, 2083, 1037, 6090, 2063, 1997, 102], [101, 2002, 11758, 2041, 1037, 4773, 2000, 6706, 2370, 1012, 102, 2002, 4152, 2039, 1998, 7365, 2185, 1012, 102, 0], [101, 2002, 11758, 2041, 1037, 4773, 2000, 6706, 2370, 1012, 102, 2002, 19119, 2083, 3347, 2059, 25912, 2015, 2046, 102]], attention_mask=[[1, 1, 1, 1, 1, 1, 1, 1, 1, 1, 1, 1, 1, 1, 1, 1, 1, 1, 1, 1], [1, 1, 1, 1, 1, 1, 1, 1, 1, 1, 1, 1, 1, 1, 1, 1, 1, 1, 1, 1], [1, 1, 1, 1, 1, 1, 1, 1, 1, 1, 1, 1, 1, 1, 1, 1, 1, 1, 1, 0], [1, 1, 1, 1, 1, 1, 1, 1, 1, 1, 1, 1, 1, 1, 1, 1, 1, 1, 1, 1]], token_type_ids=[[0, 0, 0, 0, 0, 0, 0, 0, 0, 0, 0, 1, 1, 1, 1, 1, 1, 1, 1, 1], [0, 0, 0, 0, 0, 0, 0, 0, 0, 0, 0, 1, 1, 1, 1, 1, 1, 1, 1, 1], [0, 0, 0, 0, 0, 0, 0, 0, 0, 0, 0, 1, 1, 1, 1, 1, 1, 1, 1, 0], [0, 0, 0, 0, 0, 0, 0, 0, 0, 0, 0, 1, 1, 1, 1, 1, 1, 1, 1, 1]], label=1)
 ]
 ),
 
  ([InputFeatures(example_id='6488', input_ids=[[101, 2070, 5467, 6865, 2013, 14607, 2030, 11679, 2046, 1996, 13580, 102, 2111, 7719, 1999, 1037, 9205, 4040, 1012, 102], [101, 2070, 5467, 6865, 2013, 14607, 2030, 11679, 2046, 1996, 102, 2111, 2735, 2000, 1996, 2346, 1998, 2455, 2006, 102], [101, 2070, 5467, 6865, 2013, 14607, 2030, 11679, 2046, 1996, 102, 2111, 2191, 2037, 2126, 2000, 1037, 15747, 2379, 102], [101, 2070, 5467, 6865, 2013, 14607, 2030, 11679, 2046, 1996, 13580, 2712, 102, 2111, 7180, 2012, 1996, 4306, 1012, 102]], attention_mask=[[1, 1, 1, 1, 1, 1, 1, 1, 1, 1, 1, 1, 1, 1, 1, 1, 1, 1, 1, 1], [1, 1, 1, 1, 1, 1, 1, 1, 1, 1, 1, 1, 1, 1, 1, 1, 1, 1, 1, 1], [1, 1, 1, 1, 1, 1, 1, 1, 1, 1, 1, 1, 1, 1, 1, 1, 1, 1, 1, 1], [1, 1, 1, 1, 1, 1, 1, 1, 1, 1, 1, 1, 1, 1, 1, 1, 1, 1, 1, 1]], token_type_ids=[[0, 0, 0, 0, 0, 0, 0, 0, 0, 0, 0, 0, 1, 1, 1, 1, 1, 1, 1, 1], [0, 0, 0, 0, 0, 0, 0, 0, 0, 0, 0, 1, 1, 1, 1, 1, 1, 1, 1, 1], [0, 0, 0, 0, 0, 0, 0, 0, 0, 0, 0, 1, 1, 1, 1, 1, 1, 1, 1, 1], [0, 0, 0, 0, 0, 0, 0, 0, 0, 0, 0, 0, 0, 1, 1, 1, 1, 1, 1, 1]], label=2),
   InputFeatures(example_id='17412', input_ids=[[101, 1996, 2601, 22822, 24848, 3028, 17144, 2039, 2875, 1996, 102, 2619, 25912, 2015, 1037, 4773, 2046, 1996, 2158, 102], [101, 1996, 2601, 22822, 24848, 3028, 17144, 2039, 2875, 1996, 102, 2619, 19435, 2229, 1999, 1037, 15035, 3637, 1012, 102], [101, 1996, 2601, 22822, 24848, 3028, 17144, 2039, 2875, 1996, 102, 2619, 11214, 2041, 1037, 13555, 4198, 6970, 28251, 102], [101, 1996, 2601, 22822, 24848, 3028, 17144, 2039, 2875, 1996, 4020, 102, 2619, 4832, 2006, 1996, 2327, 29449, 1012, 102]], attention_mask=[[1, 1, 1, 1, 1, 1, 1, 1, 1, 1, 1, 1, 1, 1, 1, 1, 1, 1, 1, 1], [1, 1, 1, 1, 1, 1, 1, 1, 1, 1, 1, 1, 1, 1, 1, 1, 1, 1, 1, 1], [1, 1, 1, 1, 1, 1, 1, 1, 1, 1, 1, 1, 1, 1, 1, 1, 1, 1, 1, 1], [1, 1, 1, 1, 1, 1, 1, 1, 1, 1, 1, 1, 1, 1, 1, 1, 1, 1, 1, 1]], token_type_ids=[[0, 0, 0, 0, 0, 0, 0, 0, 0, 0, 0, 1, 1, 1, 1, 1, 1, 1, 1, 1], [0, 0, 0, 0, 0, 0, 0, 0, 0, 0, 0, 1, 1, 1, 1, 1, 1, 1, 1, 1], [0, 0, 0, 0, 0, 0, 0, 0, 0, 0, 0, 1, 1, 1, 1, 1, 1, 1, 1, 1], [0, 0, 0, 0, 0, 0, 0, 0, 0, 0, 0, 0, 1, 1, 1, 1, 1, 1, 1, 1]], label=1),
    InputFeatures(example_id='17326', input_ids=[[101, 1037, 2158, 2003, 3491, 4823, 2503, 1037, 2160, 1012, 102, 2178, 2158, 2003, 3491, 2503, 2019, 4545, 1012, 102], [101, 1037, 2158, 2003, 3491, 4823, 2503, 1037, 2160, 1012, 102, 2178, 2158, 2003, 3564, 2077, 1996, 6943, 2275, 102], [101, 1037, 2158, 2003, 3491, 4823, 2503, 1037, 2160, 1012, 102, 2178, 2158, 7883, 1037, 8632, 1997, 9344, 6067, 102], [101, 1037, 2158, 2003, 3491, 4823, 2503, 1037, 2160, 1012, 102, 2178, 2158, 2003, 3564, 2091, 2279, 2000, 1037, 102]], attention_mask=[[1, 1, 1, 1, 1, 1, 1, 1, 1, 1, 1, 1, 1, 1, 1, 1, 1, 1, 1, 1], [1, 1, 1, 1, 1, 1, 1, 1, 1, 1, 1, 1, 1, 1, 1, 1, 1, 1, 1, 1], [1, 1, 1, 1, 1, 1, 1, 1, 1, 1, 1, 1, 1, 1, 1, 1, 1, 1, 1, 1], [1, 1, 1, 1, 1, 1, 1, 1, 1, 1, 1, 1, 1, 1, 1, 1, 1, 1, 1, 1]], token_type_ids=[[0, 0, 0, 0, 0, 0, 0, 0, 0, 0, 0, 1, 1, 1, 1, 1, 1, 1, 1, 1], [0, 0, 0, 0, 0, 0, 0, 0, 0, 0, 0, 1, 1, 1, 1, 1, 1, 1, 1, 1], [0, 0, 0, 0, 0, 0, 0, 0, 0, 0, 0, 1, 1, 1, 1, 1, 1, 1, 1, 1], [0, 0, 0, 0, 0, 0, 0, 0, 0, 0, 0, 1, 1, 1, 1, 1, 1, 1, 1, 1]], label=1),
     InputFeatures(example_id='8098', input_ids=[[101, 2016, 5829, 2125, 2083, 1996, 6368, 1010, 6575, 2005, 102, 1996, 8959, 1998, 18087, 8040, 20097, 2013, 2037, 102], [101, 2016, 5829, 2125, 2083, 1996, 6368, 1010, 6575, 2005, 102, 1996, 8959, 1998, 18087, 2024, 3564, 2006, 1996, 102], [101, 2016, 5829, 2125, 2083, 1996, 6368, 1010, 6575, 2005, 102, 1996, 8959, 1998, 18087, 2024, 5613, 2043, 1996, 102], [101, 2016, 5829, 2125, 2083, 1996, 6368, 1010, 6575, 2005, 102, 1996, 8959, 1998, 18087, 2024, 2012, 1037, 3518, 102]], attention_mask=[[1, 1, 1, 1, 1, 1, 1, 1, 1, 1, 1, 1, 1, 1, 1, 1, 1, 1, 1, 1], [1, 1, 1, 1, 1, 1, 1, 1, 1, 1, 1, 1, 1, 1, 1, 1, 1, 1, 1, 1], [1, 1, 1, 1, 1, 1, 1, 1, 1, 1, 1, 1, 1, 1, 1, 1, 1, 1, 1, 1], [1, 1, 1, 1, 1, 1, 1, 1, 1, 1, 1, 1, 1, 1, 1, 1, 1, 1, 1, 1]], token_type_ids=[[0, 0, 0, 0, 0, 0, 0, 0, 0, 0, 0, 1, 1, 1, 1, 1, 1, 1, 1, 1], [0, 0, 0, 0, 0, 0, 0, 0, 0, 0, 0, 1, 1, 1, 1, 1, 1, 1, 1, 1], [0, 0, 0, 0, 0, 0, 0, 0, 0, 0, 0, 1, 1, 1, 1, 1, 1, 1, 1, 1], [0, 0, 0, 0, 0, 0, 0, 0, 0, 0, 0, 1, 1, 1, 1, 1, 1, 1, 1, 1]], label=2),
      InputFeatures(example_id='14822', input_ids=[[101, 2619, 1010, 2040, 1005, 1055, 20443, 1010, 3310, 1999, 102, 2619, 7365, 2058, 2000, 2014, 1010, 6181, 4877, 102], [101, 2619, 1010, 2040, 1005, 1055, 20443, 1010, 3310, 1999, 1012, 102, 2619, 13273, 2619, 1005, 3042, 1012, 102, 0], [101, 2619, 1010, 2040, 1005, 1055, 20443, 1010, 3310, 1999, 102, 2619, 2159, 1996, 3420, 2007, 2010, 3282, 1012, 102], [101, 2619, 1010, 2040, 1005, 1055, 20443, 1010, 3310, 1999, 102, 2619, 3632, 2046, 1996, 7759, 2282, 1010, 4582, 102]], attention_mask=[[1, 1, 1, 1, 1, 1, 1, 1, 1, 1, 1, 1, 1, 1, 1, 1, 1, 1, 1, 1], [1, 1, 1, 1, 1, 1, 1, 1, 1, 1, 1, 1, 1, 1, 1, 1, 1, 1, 1, 0], [1, 1, 1, 1, 1, 1, 1, 1, 1, 1, 1, 1, 1, 1, 1, 1, 1, 1, 1, 1], [1, 1, 1, 1, 1, 1, 1, 1, 1, 1, 1, 1, 1, 1, 1, 1, 1, 1, 1, 1]], token_type_ids=[[0, 0, 0, 0, 0, 0, 0, 0, 0, 0, 0, 1, 1, 1, 1, 1, 1, 1, 1, 1], [0, 0, 0, 0, 0, 0, 0, 0, 0, 0, 0, 0, 1, 1, 1, 1, 1, 1, 1, 0], [0, 0, 0, 0, 0, 0, 0, 0, 0, 0, 0, 1, 1, 1, 1, 1, 1, 1, 1, 1], [0, 0, 0, 0, 0, 0, 0, 0, 0, 0, 0, 1, 1, 1, 1, 1, 1, 1, 1, 1]], label=0)
      ],
 [InputFeatures(example_id='3894', input_ids=[[101, 2619, 2855, 20362, 2014, 2317, 2902, 11739, 1010, 8669, 102, 2016, 3138, 2125, 2014, 10818, 1010, 11214, 2009, 102], [101, 2619, 2855, 20362, 2014, 2317, 2902, 11739, 1010, 8669, 102, 2016, 14444, 1996, 2502, 4638, 2006, 1996, 8080, 102], [101, 2619, 2855, 20362, 2014, 2317, 2902, 11739, 1010, 8669, 102, 2016, 4324, 2028, 1999, 2014, 2677, 2004, 2016, 102], [101, 2619, 2855, 20362, 2014, 2317, 2902, 11739, 1010, 8669, 102, 2016, 2003, 8274, 2006, 1037, 17541, 3221, 3242, 102]], attention_mask=[[1, 1, 1, 1, 1, 1, 1, 1, 1, 1, 1, 1, 1, 1, 1, 1, 1, 1, 1, 1], [1, 1, 1, 1, 1, 1, 1, 1, 1, 1, 1, 1, 1, 1, 1, 1, 1, 1, 1, 1], [1, 1, 1, 1, 1, 1, 1, 1, 1, 1, 1, 1, 1, 1, 1, 1, 1, 1, 1, 1], [1, 1, 1, 1, 1, 1, 1, 1, 1, 1, 1, 1, 1, 1, 1, 1, 1, 1, 1, 1]], token_type_ids=[[0, 0, 0, 0, 0, 0, 0, 0, 0, 0, 0, 1, 1, 1, 1, 1, 1, 1, 1, 1], [0, 0, 0, 0, 0, 0, 0, 0, 0, 0, 0, 1, 1, 1, 1, 1, 1, 1, 1, 1], [0, 0, 0, 0, 0, 0, 0, 0, 0, 0, 0, 1, 1, 1, 1, 1, 1, 1, 1, 1], [0, 0, 0, 0, 0, 0, 0, 0, 0, 0, 0, 1, 1, 1, 1, 1, 1, 1, 1, 1]], label=2)]
 )
 ]


([InputFeatures(example_id='11782', input_ids=[[101, 2619, 10055, 2229, 2041, 1037, 19352, 16102, 2063, 2029, 102, 7493, 13544, 2002, 5363, 1998, 18989, 2619, 8005, 102], [101, 2619, 10055, 2229, 2041, 1037, 19352, 16102, 2063, 2029, 102, 7493, 13544, 2002, 11758, 8198, 2083, 1996, 20135, 102], [101, 2619, 10055, 2229, 2041, 1037, 19352, 16102, 2063, 2029, 102, 7493, 13544, 2002, 8704, 2010, 3282, 2012, 1996, 102], [101, 2619, 10055, 2229, 2041, 1037, 19352, 16102, 2063, 2029, 102, 7493, 13544, 2002, 14590, 2619, 1005, 1055, 2132, 102]], attention_mask=[[1, 1, 1, 1, 1, 1, 1, 1, 1, 1, 1, 1, 1, 1, 1, 1, 1, 1, 1, 1], [1, 1, 1, 1, 1, 1, 1, 1, 1, 1, 1, 1, 1, 1, 1, 1, 1, 1, 1, 1], [1, 1, 1, 1, 1, 1, 1, 1, 1, 1, 1, 1, 1, 1, 1, 1, 1, 1, 1, 1], [1, 1, 1, 1, 1, 1, 1, 1, 1, 1, 1, 1, 1, 1, 1, 1, 1, 1, 1, 1]], token_type_ids=[[0, 0, 0, 0, 0, 0, 0, 0, 0, 0, 0, 1, 1, 1, 1, 1, 1, 1, 1, 1], [0, 0, 0, 0, 0, 0, 0, 0, 0, 0, 0, 1, 1, 1, 1, 1, 1, 1, 1, 1], [0, 0, 0, 0, 0, 0, 0, 0, 0, 0, 0, 1, 1, 1, 1, 1, 1, 1, 1, 1], [0, 0, 0, 0, 0, 0, 0, 0, 0, 0, 0, 1, 1, 1, 1, 1, 1, 1, 1, 1]], label=1),
 InputFeatures(example_id='15607', input_ids=[[101, 11478, 27403, 1010, 2002, 3504, 2058, 2010, 3244, 2012, 102, 2016, 20776, 1037, 15642, 3993, 1997, 7975, 1012, 102], [101, 11478, 27403, 1010, 2002, 3504, 2058, 2010, 3244, 2012, 102, 2016, 8039, 1996, 3573, 1010, 11214, 2014, 2039, 102], [101, 11478, 27403, 1010, 2002, 3504, 2058, 2010, 3244, 2012, 102, 2016, 10055, 2229, 1037, 8608, 4005, 1999, 1996, 102], [101, 11478, 27403, 1010, 2002, 3504, 2058, 2010, 3244, 2012, 102, 2016, 3504, 4964, 2135, 2013, 1996, 10168, 1012, 102]], attention_mask=[[1, 1, 1, 1, 1, 1, 1, 1, 1, 1, 1, 1, 1, 1, 1, 1, 1, 1, 1, 1], [1, 1, 1, 1, 1, 1, 1, 1, 1, 1, 1, 1, 1, 1, 1, 1, 1, 1, 1, 1], [1, 1, 1, 1, 1, 1, 1, 1, 1, 1, 1, 1, 1, 1, 1, 1, 1, 1, 1, 1], [1, 1, 1, 1, 1, 1, 1, 1, 1, 1, 1, 1, 1, 1, 1, 1, 1, 1, 1, 1]], token_type_ids=[[0, 0, 0, 0, 0, 0, 0, 0, 0, 0, 0, 1, 1, 1, 1, 1, 1, 1, 1, 1], [0, 0, 0, 0, 0, 0, 0, 0, 0, 0, 0, 1, 1, 1, 1, 1, 1, 1, 1, 1], [0, 0, 0, 0, 0, 0, 0, 0, 0, 0, 0, 1, 1, 1, 1, 1, 1, 1, 1, 1], [0, 0, 0, 0, 0, 0, 0, 0, 0, 0, 0, 1, 1, 1, 1, 1, 1, 1, 1, 1]], label=0),
  InputFeatures(example_id='19164', input_ids=[[101, 1037, 2460, 3292, 3805, 1010, 2002, 14444, 1037, 2601, 102, 2004, 1996, 3902, 23986, 2627, 1010, 2002, 14020, 102], [101, 1037, 2460, 3292, 3805, 1010, 2002, 14444, 1037, 2601, 102, 2004, 1996, 3902, 23986, 2627, 1010, 2002, 5927, 102], [101, 1037, 2460, 3292, 3805, 1010, 2002, 14444, 1037, 2601, 102, 2004, 1996, 3902, 23986, 2627, 1010, 2002, 26577, 102], [101, 1037, 2460, 3292, 3805, 1010, 2002, 14444, 1037, 2601, 102, 2004, 1996, 3902, 23986, 2627, 1010, 2002, 23514, 102]], attention_mask=[[1, 1, 1, 1, 1, 1, 1, 1, 1, 1, 1, 1, 1, 1, 1, 1, 1, 1, 1, 1], [1, 1, 1, 1, 1, 1, 1, 1, 1, 1, 1, 1, 1, 1, 1, 1, 1, 1, 1, 1], [1, 1, 1, 1, 1, 1, 1, 1, 1, 1, 1, 1, 1, 1, 1, 1, 1, 1, 1, 1], [1, 1, 1, 1, 1, 1, 1, 1, 1, 1, 1, 1, 1, 1, 1, 1, 1, 1, 1, 1]], token_type_ids=[[0, 0, 0, 0, 0, 0, 0, 0, 0, 0, 0, 1, 1, 1, 1, 1, 1, 1, 1, 1], [0, 0, 0, 0, 0, 0, 0, 0, 0, 0, 0, 1, 1, 1, 1, 1, 1, 1, 1, 1], [0, 0, 0, 0, 0, 0, 0, 0, 0, 0, 0, 1, 1, 1, 1, 1, 1, 1, 1, 1], [0, 0, 0, 0, 0, 0, 0, 0, 0, 0, 0, 1, 1, 1, 1, 1, 1, 1, 1, 1]], label=1),
   InputFeatures(example_id='6485', input_ids=[[101, 2619, 25609, 2083, 1996, 8164, 2007, 2010, 4979, 5442, 1010, 6822, 102, 2619, 3504, 2012, 1996, 5119, 1012, 102], [101, 2619, 25609, 2083, 1996, 8164, 2007, 2010, 4979, 5442, 102, 2619, 4030, 2015, 2091, 2007, 1037, 2600, 5743, 102], [101, 2619, 25609, 2083, 1996, 8164, 2007, 2010, 4979, 5442, 102, 2619, 18881, 3031, 1996, 2152, 2217, 1997, 1996, 102], [101, 2619, 25609, 2083, 1996, 8164, 2007, 2010, 4979, 5442, 102, 2619, 10457, 2185, 2013, 1996, 2911, 1010, 21105, 102]], attention_mask=[[1, 1, 1, 1, 1, 1, 1, 1, 1, 1, 1, 1, 1, 1, 1, 1, 1, 1, 1, 1], [1, 1, 1, 1, 1, 1, 1, 1, 1, 1, 1, 1, 1, 1, 1, 1, 1, 1, 1, 1], [1, 1, 1, 1, 1, 1, 1, 1, 1, 1, 1, 1, 1, 1, 1, 1, 1, 1, 1, 1], [1, 1, 1, 1, 1, 1, 1, 1, 1, 1, 1, 1, 1, 1, 1, 1, 1, 1, 1, 1]], token_type_ids=[[0, 0, 0, 0, 0, 0, 0, 0, 0, 0, 0, 0, 0, 1, 1, 1, 1, 1, 1, 1], [0, 0, 0, 0, 0, 0, 0, 0, 0, 0, 0, 1, 1, 1, 1, 1, 1, 1, 1, 1], [0, 0, 0, 0, 0, 0, 0, 0, 0, 0, 0, 1, 1, 1, 1, 1, 1, 1, 1, 1], [0, 0, 0, 0, 0, 0, 0, 0, 0, 0, 0, 1, 1, 1, 1, 1, 1, 1, 1, 1]], label=2),
    InputFeatures(example_id='9603', input_ids=[[101, 2048, 2273, 2024, 1999, 1996, 2300, 1998, 2060, 2273, 102, 1996, 2273, 6336, 2673, 1999, 1037, 3046, 1012, 102], [101, 2048, 2273, 2024, 1999, 1996, 2300, 1998, 2060, 2273, 102, 1996, 2273, 7324, 2091, 2028, 1997, 2006, 1996, 102], [101, 2048, 2273, 2024, 1999, 1996, 2300, 1998, 2060, 2273, 102, 1996, 2273, 2907, 2028, 2178, 1998, 10973, 2039, 102], [101, 2048, 2273, 2024, 1999, 1996, 2300, 1998, 2060, 2273, 102, 1996, 2273, 2202, 1996, 12856, 1998, 14655, 2068, 102]], attention_mask=[[1, 1, 1, 1, 1, 1, 1, 1, 1, 1, 1, 1, 1, 1, 1, 1, 1, 1, 1, 1], [1, 1, 1, 1, 1, 1, 1, 1, 1, 1, 1, 1, 1, 1, 1, 1, 1, 1, 1, 1], [1, 1, 1, 1, 1, 1, 1, 1, 1, 1, 1, 1, 1, 1, 1, 1, 1, 1, 1, 1], [1, 1, 1, 1, 1, 1, 1, 1, 1, 1, 1, 1, 1, 1, 1, 1, 1, 1, 1, 1]], token_type_ids=[[0, 0, 0, 0, 0, 0, 0, 0, 0, 0, 0, 1, 1, 1, 1, 1, 1, 1, 1, 1], [0, 0, 0, 0, 0, 0, 0, 0, 0, 0, 0, 1, 1, 1, 1, 1, 1, 1, 1, 1], [0, 0, 0, 0, 0, 0, 0, 0, 0, 0, 0, 1, 1, 1, 1, 1, 1, 1, 1, 1], [0, 0, 0, 0, 0, 0, 0, 0, 0, 0, 0, 1, 1, 1, 1, 1, 1, 1, 1, 1]], label=3)],
 [InputFeatures(example_id='16216', input_ids=[[101, 2002, 11758, 2041, 1037, 4773, 2000, 6706, 2370, 1012, 102, 2002, 7787, 2369, 2010, 2067, 2004, 1996, 18792, 102], [101, 2002, 11758, 2041, 1037, 4773, 2000, 6706, 2370, 1012, 102, 2002, 15132, 2229, 2083, 1037, 6090, 2063, 1997, 102], [101, 2002, 11758, 2041, 1037, 4773, 2000, 6706, 2370, 1012, 102, 2002, 4152, 2039, 1998, 7365, 2185, 1012, 102, 0], [101, 2002, 11758, 2041, 1037, 4773, 2000, 6706, 2370, 1012, 102, 2002, 19119, 2083, 3347, 2059, 25912, 2015, 2046, 102]], attention_mask=[[1, 1, 1, 1, 1, 1, 1, 1, 1, 1, 1, 1, 1, 1, 1, 1, 1, 1, 1, 1], [1, 1, 1, 1, 1, 1, 1, 1, 1, 1, 1, 1, 1, 1, 1, 1, 1, 1, 1, 1], [1, 1, 1, 1, 1, 1, 1, 1, 1, 1, 1, 1, 1, 1, 1, 1, 1, 1, 1, 0], [1, 1, 1, 1, 1, 1, 1, 1, 1, 1, 1, 1, 1, 1, 1, 1, 1, 1, 1, 1]], token_type_ids=[[0, 0, 0, 0, 0, 0, 0, 0, 0, 0, 0, 1, 1, 1, 1, 1, 1, 1, 1, 1], [0, 0, 0, 0, 0, 0, 0, 0, 0, 0, 0, 1, 1, 1, 1, 1, 1, 1, 1, 1], [0, 0, 0, 0, 0, 0, 0, 0, 0, 0, 0, 1, 1, 1, 1, 1, 1, 1, 1, 0], [0, 0, 0, 0, 0, 0, 0, 0, 0, 0, 0, 1, 1, 1, 1, 1, 1, 1, 1, 1]], label=1)])
